[gd_scene load_steps=9 format=3 uid="uid://dymfc8gygvwl2"]

[ext_resource type="Script" path="res://Nodes/3D/Geo/coral.gd" id="1_eeefn"]
[ext_resource type="PackedScene" uid="uid://brmcq6j7g1s3n" path="res://Assets/3D/Models/Coral/Coral13.glb" id="2_3u04a"]
[ext_resource type="Texture2D" uid="uid://c18sljx48lc1k" path="res://Assets/3D/Models/Coral/Coral13_2.jpg" id="3_wxpbt"]

[sub_resource type="BoxShape3D" id="BoxShape3D_w6fig"]
size = Vector3(0.0880564, 0.176667, 0.16722)

[sub_resource type="BoxShape3D" id="BoxShape3D_gsmpx"]
size = Vector3(0.176254, 0.114571, 0.144775)

[sub_resource type="BoxShape3D" id="BoxShape3D_0sqek"]
size = Vector3(0.0582944, 2.64353, 0.0655518)

[sub_resource type="BoxShape3D" id="BoxShape3D_0qeyu"]
size = Vector3(0.0748291, 0.110428, 0.141663)

[sub_resource type="StandardMaterial3D" id="StandardMaterial3D_lrq0b"]
resource_local_to_scene = true
emission_enabled = true
emission = Color(0.35, 1, 0.620833, 1)
emission_energy_multiplier = 5.13
normal_enabled = true
normal_texture = ExtResource("3_wxpbt")

[node name="CoralS 04" type="StaticBody3D"]
transform = Transform3D(10, 0, 0, 0, 10, 0, 0, 0, 10, 0, 0, 0)
script = ExtResource("1_eeefn")

[node name="CollisionShape3D" type="CollisionShape3D" parent="."]
transform = Transform3D(0.810798, -1.51162e-10, -0.585326, 1.86149e-10, 1, -3.96021e-13, 0.585326, -1.08636e-10, 0.810798, -0.099053, 0.0396896, -0.072602)
shape = SubResource("BoxShape3D_w6fig")

[node name="CollisionShape3D2" type="CollisionShape3D" parent="."]
transform = Transform3D(0.487418, -9.10787e-11, -0.873169, 1.86149e-10, 1, -3.9604e-13, 0.873169, -1.62346e-10, 0.487418, 0.0857584, 0.00645537, 0.0178557)
shape = SubResource("BoxShape3D_gsmpx")

[node name="CollisionShape3D4" type="CollisionShape3D" parent="."]
transform = Transform3D(0.534662, 2.13694e-10, -0.845066, -3.75767e-09, 0.0306001, 5.88636e-09, 0.845066, 8.64855e-13, 0.534662, -0.0669733, -0.0285988, -0.018648)
shape = SubResource("BoxShape3D_0sqek")

[node name="CollisionShape3D3" type="CollisionShape3D" parent="."]
transform = Transform3D(0.487418, -9.10787e-11, -0.873169, 1.86149e-10, 1, -3.9604e-13, 0.873169, -1.62346e-10, 0.487418, -0.051653, -0.0346442, 0.0484965)
shape = SubResource("BoxShape3D_0qeyu")

[node name="OmniLight3D" type="OmniLight3D" parent="."]
transform = Transform3D(0.0398625, 0.0897643, -0.0187974, -0.0175454, -0.0126535, -0.0976322, -0.0900175, 0.0422167, 0.0107055, -0.00164961, 0.0173581, -0.000872779)
layers = 3
light_color = Color(0.34902, 1, 0.619608, 1)
light_energy = 2.535
light_size = 1.0
light_cull_mask = 4294963199
omni_range = 4.054
omni_attenuation = 0.0

[node name="Coral13" parent="." instance=ExtResource("2_3u04a")]
transform = Transform3D(2, 0, 0, 0, 2, 0, 0, 0, 2, 0, 0, 0)

[node name="Mesh" parent="Coral13" index="0"]
layers = 4096
surface_material_override/0 = SubResource("StandardMaterial3D_lrq0b")

[editable path="Coral13"]
